x = 0;
y = 100;
yaw = 0;
r = 0; 
U = 5;
b = 0.001;
T = 20;
K = 0.1;
K_p = 2;
K_d = 80;
K_i = 0.5;
